6
9
3
1 2 3 4 5 6
1 1 2 1 1 1 1
2 2 3 1 1 2 1
3 4 5 1 1 2 1
4 4 6 1 1 3 1
5 5 4 1 1 3 1
6 1 1 1 2 1 1
7 3 3 1 2 3 1
8 5 5 1 2 5 1
9 6 6 1 2 6 1
5.658536585365854243e-01 3.804878048780486743e-01 -6.829268292682910690e-02 0.000000000000000000e+00 6.829268292682910690e-02 -2.341463414634147311e-01 4.878048780487792557e-02 -1.853658536585366390e-01 0.000000000000000000e+00
3.804878048780486743e-01 5.317073170731708709e-01 1.609756097560973709e-01 0.000000000000000000e+00 -1.609756097560973709e-01 -1.951219512195112582e-02 1.707317073170733224e-01 1.512195121951219745e-01 0.000000000000000000e+00
-6.829268292682921793e-02 1.609756097560974542e-01 6.634146341463414975e-01 0.000000000000000000e+00 3.365853658536585025e-01 1.317073170731704879e-01 9.756097560975607319e-02 2.292682926829270329e-01 0.000000000000000000e+00
0.000000000000000000e+00 -2.775557561562891351e-17 1.110223024625156540e-16 5.000000000000000000e-01 -1.110223024625156540e-16 -1.387778780781445676e-16 -1.387778780781445676e-16 0.000000000000000000e+00 5.000000000000000000e-01
6.829268292682921793e-02 -1.609756097560974542e-01 3.365853658536585025e-01 0.000000000000000000e+00 6.634146341463414975e-01 -1.317073170731704879e-01 -9.756097560975607319e-02 -2.292682926829270329e-01 0.000000000000000000e+00
-2.341463414634147866e-01 -1.951219512195101480e-02 1.317073170731706266e-01 0.000000000000000000e+00 -1.317073170731706266e-01 1.658536585365855132e-01 4.878048780487809211e-02 2.146341463414632722e-01 0.000000000000000000e+00
4.878048780487792557e-02 1.707317073170733501e-01 9.756097560975601768e-02 0.000000000000000000e+00 -9.756097560975601768e-02 4.878048780487814762e-02 7.317073170731702714e-02 1.219512195121950082e-01 0.000000000000000000e+00
-1.853658536585364724e-01 1.512195121951218080e-01 2.292682926829270329e-01 0.000000000000000000e+00 -2.292682926829270329e-01 2.146341463414634387e-01 1.219512195121950221e-01 3.365853658536583914e-01 0.000000000000000000e+00
0.000000000000000000e+00 2.775557561562891351e-17 -1.110223024625156540e-16 5.000000000000000000e-01 1.110223024625156540e-16 1.387778780781445676e-16 1.387778780781445676e-16 0.000000000000000000e+00 5.000000000000000000e-01
