3 
11
3
2 3 4
1 2 1 1 1 2 1
2 2 3 1 1 2 1
3 3 1 1 1 3 1
4 3 2 1 1 3 1
5 3 4 1 1 3 1
6 4 3 1 1 4 1
7 4 5 1 1 4 1
8 4 6 1 1 4 1
9 2 2 1 2 2 1
10 3 3 1 2 3 1
11 4 4 1 2 4 1
7.527114967462038564e-01 -9.110629067245121226e-02 -1.561822125813449036e-01 9.110629067245121226e-02 -4.121475054229932489e-02 4.121475054229932489e-02 3.687635574837312691e-02 -1.149674620390455787e-01 -3.383947939262473281e-01 -1.062906724511930162e-01 -3.687635574837314079e-02
-9.110629067245121226e-02 8.611713665943601104e-01 4.772234273318873288e-02 1.388286334056399451e-01 -1.518438177874185946e-02 1.518438177874185946e-02 -3.904555314533626753e-02 6.290672451193059234e-02 -2.299349240780911574e-01 1.713665943600868324e-01 3.904555314533617039e-02
-1.561822125813449036e-01 4.772234273318873288e-02 7.960954446854663358e-01 -4.772234273318873288e-02 -2.603036876355746543e-02 2.603036876355746543e-02 7.592190889370939444e-02 -1.778741865509761710e-01 -1.084598698481561707e-01 -2.776572668112797793e-01 -7.592190889370931117e-02
9.110629067245121226e-02 1.388286334056399451e-01 -4.772234273318873288e-02 8.611713665943601104e-01 1.518438177874185946e-02 -1.518438177874185946e-02 3.904555314533626753e-02 -6.290672451193059234e-02 2.299349240780911574e-01 -1.713665943600868324e-01 -3.904555314533617039e-02
-4.121475054229933876e-02 -1.518438177874190109e-02 -2.603036876355743767e-02 1.518438177874190109e-02 8.264642082429500825e-01 1.735357917570499175e-01 -1.605206073752712126e-01 1.475054229934924799e-01 -5.639913232104123986e-02 -1.843817787418654541e-01 1.605206073752711848e-01
4.121475054229933876e-02 1.518438177874190109e-02 2.603036876355743767e-02 -1.518438177874190109e-02 1.735357917570499175e-01 8.264642082429500825e-01 1.605206073752712126e-01 -1.475054229934924799e-01 5.639913232104123986e-02 1.843817787418654541e-01 -1.605206073752711848e-01
3.687635574837311303e-02 -3.904555314533625365e-02 7.592190889370936668e-02 3.904555314533625365e-02 -1.605206073752712403e-01 1.605206073752712403e-01 3.015184381778740486e-01 2.364425162689806070e-01 -2.169197396963140623e-03 -4.555314533622562001e-02 -3.015184381778741596e-01
-1.149674620390455648e-01 6.290672451193063397e-02 -1.778741865509761988e-01 -6.290672451193063397e-02 1.475054229934924521e-01 -1.475054229934924521e-01 2.364425162689806070e-01 6.746203904555313491e-01 -5.206073752711493086e-02 -9.327548806941438064e-02 -2.364425162689804960e-01
-3.383947939262473281e-01 -2.299349240780911574e-01 -1.084598698481561707e-01 2.299349240780911574e-01 -5.639913232104118435e-02 5.639913232104118435e-02 -2.169197396963140623e-03 -5.206073752711498637e-02 4.316702819956614867e-01 6.507592190889380235e-02 2.169197396963057356e-03
-1.062906724511930301e-01 1.713665943600867492e-01 -2.776572668112797793e-01 -1.713665943600867492e-01 -1.843817787418655096e-01 1.843817787418655096e-01 -4.555314533622550899e-02 -9.327548806941426962e-02 6.507592190889371908e-02 3.665943600867680452e-01 4.555314533622573103e-02
-3.687635574837311303e-02 3.904555314533625365e-02 -7.592190889370936668e-02 -3.904555314533625365e-02 1.605206073752711293e-01 -1.605206073752711293e-01 -3.015184381778741596e-01 -2.364425162689804960e-01 2.169197396963140623e-03 4.555314533622550899e-02 3.015184381778741596e-01
